budget ,profits,revenue,vote_average,popularity,vote_count
237000000,2550965087,2787965087,7.2,150.437577,11800
300000000,661000000,961000000,6.9,139.082615,4500
245000000,635674609,880674609,6.3,107.376788,4466
260000000,24139100,284139100,6.1,43.926995,2124
258000000,632871626,890871626,5.9,115.699814,3576
260000000,331794936,591794936,7.4,48.681969,3330
250000000,683959197,933959197,7.4,98.885637,5293
250000000,623260194,873260194,5.7,155.790452,7004
270000000,121081192,391081192,5.4,57.925623,1400
200000000,386090727,586090727,6.1,107.928811,2965
255000000,-165710090,89289910,5.9,49.046956,2311
225000000,194651413,419651413,6.3,53.978602,1630
220000000,1299557910,1519557910,7.4,144.448633,11776
380000000,665713802,1045713802,6.4,135.413856,4948
225000000,399026776,624026776,6.2,52.035179,4160
250000000,706019788,956019788,7.1,120.965743,4760
215000000,537215857,752215857,6.5,89.866276,6586
200000000,110669540,310669540,6.2,37.668301,1398
250000000,708400000,958400000,7.6,94.370564,4524
180000000,192234864,372234864,5.8,42.990906,1303
207000000,343000000,550000000,6.6,61.22601,2337
200000000,1645034188,1845034188,7.5,100.025899,7562
250000000,903304495,1153304495,7.1,198.372395,7241
209000000,94025485,303025485,5.5,64.928382,2114
150000000,1363528810,1513528810,6.5,418.708552,8662
200000000,583766341,783766341,6.7,35.149586,4321
200000000,1015439994,1215439994,6.8,77.68208,8806
200000000,825491110,1025491110,6.4,78.530105,4645
210000000,249359555,459359555,6.3,3.857526,3525
200000000,543559607,743559607,7,89.186492,3528
210000000,881405097,1091405097,5.8,116.840296,3095
200000000,291868548,491868548,5.7,46.985445,3530
200000000,505717432,705717432,6.5,89.270217,4179
170000000,230062763,400062763,6.3,73.79505,2841
200000000,359852396,559852396,5.8,49.98659,2033
200000000,19851172,219851172,5.1,51.872839,2487
200000000,171353001,371353001,5.9,71.862892,2463
200000000,331865000,531865000,6.7,81.834855,5560
250000000,497862775,747862775,7.5,118.078691,6032
105000000,246040419,351040419,7.3,61.196071,3769
150000000,185154643,335154643,6.2,62.169881,2317
180000000,227602906,407602906,6.7,56.523205,4794
195000000,928746996,1123746996,6.1,28.529607,3299
185000000,601636033,786636033,5.7,75.674458,2495
175000000,156926147,331926147,6.6,51.692953,1736
185000000,158471816,343471816,6.6,65.352913,2568
140000000,118022233,258022233,6.1,22.57178,783
200000000,569653595,769653595,5.6,45.274225,4903
200000000,125233863,325233863,6.6,39.744242,1095
176000003,7987720,183987723,5.2,85.36908,2768
180000000,176743061,356743061,5.5,42.741719,2430
180000000,568806957,748806957,6.7,67.391328,2629
178000000,365934787,543934787,6.4,139.272042,4721
185000000,819558444,1004558444,8.2,187.322927,12002
175000000,560099082,735099082,7.7,92.201962,6870
175000000,206509870,381509870,6,36.167578,1423
170000000,15770160,185770160,7,32.319043,2141
170000000,52104681,222104681,5.1,40.748915,1020
145000000,256128639,401128639,5.2,60.034162,1387
175000000,570000000,745000000,5.9,90.23792,7458
175000000,-2000000,173000000,5.3,27.082182,1151
178000000,192541256,370541256,7.6,79.456485,4858
175000000,89218220,264218220,5.9,44.640292,992
175000000,127469017,302469017,5.6,32.852443,1962
175000000,682611174,857611174,8,128.655964,6560
175000000,791550600,966550600,6.7,94.199316,2892
200000000,423933331,623933331,6.6,77.300194,6849
170000000,226600000,396600000,5.8,77.178973,3118
170000000,540644566,710644566,7.3,243.791743,4410
175000000,-24037525,150962475,5.9,41.796339,1326
170000000,544766572,714766572,7.6,72.225265,5764
165000000,587600867,752600867,6,44.041186,1959
165000000,487105443,652105443,7.8,203.73459,6135
165000000,140875730,305875730,6.4,47.323228,1474
165000000,224681935,389681935,4.9,48.775723,2491
165000000,329878759,494878759,7.5,67.263269,4227
200000000,235000000,435000000,5.9,69.405188,2143
165000000,510120017,675120017,8.1,724.247784,10867
250000000,771103568,1021103568,7,108.849621,8297
38000000,169283925,207283925,6.6,6.909942,3428
150000000,183932083,333932083,7.3,60.269279,3292
160000000,193624124,353624124,7.1,3.195174,5181
160000000,493428261,653428261,6.6,127.284427,3984
150000000,65283742,215283742,5.8,35.580815,1470
160000000,21674817,181674817,5.5,21.133748,583
170000000,129370084,299370084,6.5,56.268916,1725
160000000,638958165,798958165,6,42.986467,2278
160000000,273677183,433677183,6.3,63.148529,2268
155000000,285603537,440603537,5.8,202.042635,3631
155000000,260686217,415686217,6.2,49.661984,1514
140000000,309220945,449220945,6.6,34.20669,1791
150000000,559709780,709709780,6.6,25.468493,4040
155000000,12298192,167298192,5.6,39.019229,927
150000000,788212738,938212738,7.4,78.144395,5494
150000000,745921036,895921036,7.5,101.250416,5608
150000000,474029371,624029371,6.2,56.758411,2961
150000000,435349010,585349010,6.9,70.867401,4853
150000000,324968763,474968763,6.7,53.905592,3624
150000000,473722818,623722818,7.5,65.677399,4369
150000000,224218673,374218673,7.5,115.040024,7359
150000000,453900354,603900354,6.2,44.141021,1810
150000000,263106170,413106170,5.9,81.781591,1971
150000000,223062864,373062864,6.2,5.954334,4021
150000000,274988211,424988211,6.4,73.313918,3096
150000000,1124219009,1274219009,7.3,165.125366,5295
150000000,588599701,738599701,6.7,70.78591,3443
170000000,474571402,644571402,6.8,99.499595,4755
150000000,228858340,378858340,7.2,434.278564,9427
150000000,206613439,356613439,6.5,67.447636,2129
150000000,299326618,449326618,6.6,86.493424,6525
150000000,159979994,309979994,6.3,41.845878,1750
150000000,142817841,292817841,5.1,26.710398,510
150000000,151000000,301000000,5.5,44.927635,1431
150000000,95527149,245527149,5.7,50.306728,2320
150000000,532330139,682330139,7.1,114.522237,3224
150000000,-150000000,0,5.5,21.214571,549
150000000,137594577,287594577,5.7,29.332905,1171
150000000,515692281,665692281,6.7,51.247321,1880
150000000,168502923,318502923,4.7,33.769336,1151
150000000,247850012,397850012,6.5,63.079003,2028
150000000,55366737,205366737,6.4,39.004588,1891
150000000,-111007242,38992758,5.5,12.362599,199
149000000,-84540684,64459316,6,22.550135,874
150000000,-21611680,128388320,5.9,48.03528,954
145000000,127912430,272912430,6.7,38.73494,843
175000000,322409852,497409852,6.9,66.803149,2759
145000000,601921274,746921274,6.4,44.989192,1808
140000000,291971116,431971116,5.8,54.159392,1092
144000000,85147509,229147509,5.3,66.21806,2142
140000000,413799566,553799566,6.4,58.485967,2482
185000000,353983207,538983207,6.7,125.114374,4641
15000000,62000000,77000000,6.5,9.476999,143
280000000,1125403694,1405403694,7.3,134.279229,6767
190000000,1316249360,1506249360,7.3,102.322217,4176
140000000,445174222,585174222,7.4,120.725053,8776
165000000,306222889,471222889,7.1,62.341073,4570
150000000,686297228,836297228,6,21.939663,3138
195000000,2687603,197687603,5.5,43.349855,2598
190000000,19154322,209154322,6.2,130.311355,2846
200000000,866969703,1066969703,7.6,59.995418,4597
200000000,865659812,1065659812,7,145.847379,5246
180000000,341311860,521311860,7.8,66.390712,6296
170000000,603328629,773328629,7.9,481.098624,9742
27000000,-27000000,0,4.8,2.418535,34
190000000,277365246,467365246,7.4,78.291018,4418
225000000,437845518,662845518,6.5,99.398009,6359
180000000,578539785,758539785,7,110.620647,4496
250000000,834939099,1084939099,7.6,112.31295,9106
200000000,908561013,1108561013,6.9,93.004993,7604
160000000,665532764,825532764,8.1,167.58371,13752